
jolly_win_generics = [
    [0.359362800073879, 0.296000000000000, 0.344637199926121],
    [0.361750872133944, 0.295000000000000, 0.343249127866056],
    [0.364140741391093, 0.295000000000000, 0.340859258608907],
    [0.366532336803520, 0.295000000000000, 0.338467663196480],
    [0.368925587383298, 0.295000000000000, 0.336074412616702],
    [0.371320422200438, 0.295000000000000, 0.333679577799562],
    [0.373716770386922, 0.294000000000000, 0.332283229613078],
    [0.376114561140731, 0.294000000000000, 0.329885438859269],
    [0.378513723729844, 0.294000000000000, 0.327486276270156],
    [0.380914187496225, 0.294000000000000, 0.325085812503775],
    [0.383315881859794, 0.294000000000000, 0.322684118140206],
    [0.385718736322374, 0.293000000000000, 0.321281263677626],
    [0.388122680471628, 0.293000000000000, 0.318877319528372],
    [0.390527643984965, 0.293000000000000, 0.316472356015035],
    [0.392933556633445, 0.292000000000000, 0.315066443366555],
    [0.395338693768345, 0.292000000000000, 0.312661306231655],
    [0.397744327870490, 0.292000000000000, 0.310255672129510],
    [0.400150700417844, 0.292000000000000, 0.307849299582156],
    [0.402557741651645, 0.291000000000000, 0.306442258348355],
    [0.404965381925876, 0.291000000000000, 0.304034618074124],
    [0.407373551711036, 0.291000000000000, 0.301626448288964],
    [0.409782181597897, 0.290000000000000, 0.300217818402103],
    [0.412191202301241, 0.290000000000000, 0.297808797698759],
    [0.414600544663571, 0.290000000000000, 0.295399455336429],
    [0.417010139658807, 0.289000000000000, 0.293989860341193],
    [0.419419918395957, 0.289000000000000, 0.291580081604043],
    [0.421829812122773, 0.289000000000000, 0.289170187877227],
    [0.424239752229375, 0.288000000000000, 0.287760247770625],
    [0.426649670251864, 0.288000000000000, 0.285350329748136],
    [0.429059497875907, 0.287000000000000, 0.283940502124093],
    [0.431469166940304, 0.287000000000000, 0.281530833059696],
    [0.433878609440530, 0.287000000000000, 0.279121390559470],
    [0.436287757532255, 0.286000000000000, 0.277712242467745],
    [0.438696543534845, 0.286000000000000, 0.275303456465155],
    [0.441104899934834, 0.285000000000000, 0.273895100065166],
    [0.443511022341560, 0.285000000000000, 0.271488977658440],
    [0.445915951377086, 0.285000000000000, 0.269084048622914],
    [0.448320249927412, 0.284000000000000, 0.267679750072588],
    [0.450723851247723, 0.284000000000000, 0.265276148752277],
    [0.453126688777231, 0.283000000000000, 0.263873311222769],
    [0.455528696142503, 0.283000000000000, 0.261471303857497],
    [0.457929807160769, 0.282000000000000, 0.260070192839232],
    [0.460329955843212, 0.282000000000000, 0.257670044156788],
    [0.462729076398228, 0.281000000000000, 0.256270923601772],
    [0.465127103234662, 0.281000000000000, 0.253872896765338],
    [0.467523970965025, 0.280000000000000, 0.252476029034975],
    [0.469919614408674, 0.280000000000000, 0.250080385591326],
    [0.472313968594987, 0.279000000000000, 0.248686031405013],
    [0.474706968766493, 0.279000000000000, 0.246293031233507],
    [0.477098550381993, 0.278000000000000, 0.244901449618007],
    [0.479488649119643, 0.278000000000000, 0.242511350880357],
    [0.481877200880022, 0.277000000000000, 0.241122799119978],
    [0.484264141789170, 0.277000000000000, 0.238735858210830],
    [0.486649408201599, 0.276000000000000, 0.237350591798401],
    [0.489032936703284, 0.275000000000000, 0.235967063296716],
    [0.491420429580109, 0.275000000000000, 0.233579570419891],
    [0.493810964463838, 0.274000000000000, 0.232189035536162],
    [0.496199563973364, 0.274000000000000, 0.229800436026636],
    [0.498586165369794, 0.273000000000000, 0.228413834630206],
    [0.500970706161350, 0.273000000000000, 0.226029293838650],
    [0.503353124106215, 0.272000000000000, 0.224646875893785],
    [0.505733357215343, 0.271000000000000, 0.223266642784657],
    [0.508111343755261, 0.271000000000000, 0.220888656244739],
    [0.510487022250826, 0.270000000000000, 0.219512977749174],
    [0.512860331487962, 0.270000000000000, 0.217139668512038],
    [0.515231210516377, 0.269000000000000, 0.215768789483623],
    [0.517599598652241, 0.268000000000000, 0.214400401347759],
    [0.519965435480846, 0.268000000000000, 0.212034564519154],
    [0.522328660859232, 0.267000000000000, 0.210671339140768],
    [0.524689214918791, 0.266000000000000, 0.209310785081209],
    [0.527047038067844, 0.266000000000000, 0.206952961932156],
    [0.529402070994184, 0.265000000000000, 0.205597929005816],
    [0.531754254667598, 0.264000000000000, 0.204245745332402],
    [0.534103530342356, 0.264000000000000, 0.201896469657644],
    [0.536449839559683, 0.263000000000000, 0.200550160440317],
    [0.538793170634103, 0.262000000000000, 0.199206829365897],
    [0.541135072766743, 0.262000000000000, 0.196864927233257],
    [0.543473832530415, 0.261000000000000, 0.195526167469585],
    [0.545809392596611, 0.260000000000000, 0.194190607403389],
    [0.548141695935891, 0.260000000000000, 0.191858304064109],
    [0.550470685820188, 0.259000000000000, 0.190529314179812],
    [0.552796305825067, 0.258000000000000, 0.189203694174933],
    [0.555118499831979, 0.258000000000000, 0.186881500168021],
    [0.557437212030466, 0.257000000000000, 0.185562787969534],
    [0.559752386920347, 0.256000000000000, 0.184247613079653],
    [0.562063969313879, 0.255000000000000, 0.182936030686121],
    [0.564371904337883, 0.255000000000000, 0.180628095662117],
    [0.566676137435839, 0.254000000000000, 0.179323862564161],
    [0.568976614369966, 0.253000000000000, 0.178023385630034],
    [0.571273281223256, 0.253000000000000, 0.175726718776744],
    [0.573566084401493, 0.252000000000000, 0.174433915598507],
    [0.575854970635237, 0.251000000000000, 0.173145029364763],
    [0.578139886981778, 0.250000000000000, 0.171860113018222],
    [0.580420780827066, 0.250000000000000, 0.169579219172934],
    [0.582697599887611, 0.249000000000000, 0.168302400112389],
    [0.584970292212350, 0.248000000000000, 0.167029707787650],
    [0.587238806184491, 0.247000000000000, 0.165761193815509],
    [0.589521533071499, 0.246000000000000, 0.164478466928501],
    [0.591801028029330, 0.246000000000000, 0.162198971970670],
    [0.594076154453921, 0.245000000000000, 0.160923845546079],
    [0.596346861649915, 0.244000000000000, 0.159653138350085],
    [0.598613099267953, 0.243000000000000, 0.158386900732047],
    [0.600874817306363, 0.243000000000000, 0.156125182693637],
    [0.603131966112807, 0.242000000000000, 0.154868033887193],
    [0.605384496385907, 0.241000000000000, 0.153615503614093],
    [0.607632359176840, 0.240000000000000, 0.152367640823160],
    [0.609875505890904, 0.239000000000000, 0.151124494109096],
    [0.612113888289052, 0.238000000000000, 0.149886111710948],
    [0.614347458489401, 0.238000000000000, 0.147652541510599],
    [0.616576168968707, 0.237000000000000, 0.146423831031293],
    [0.618799972563820, 0.236000000000000, 0.145200027436180],
    [0.621018822473092, 0.235000000000000, 0.143981177526908],
    [0.623232672257781, 0.234000000000000, 0.142767327742219],
    [0.625441475843399, 0.233000000000000, 0.141558524156601],
    [0.627645187521055, 0.233000000000000, 0.139354812478945],
    [0.629843761948748, 0.232000000000000, 0.138156238051252],
    [0.632037154152646, 0.231000000000000, 0.136962845847353],
    [0.634225319528333, 0.230000000000000, 0.135774680471666],
    [0.636408213842019, 0.229000000000000, 0.134591786157981],
    [0.638615219349885, 0.228000000000000, 0.133384780650115],
    [0.640816949292327, 0.227000000000000, 0.132183050707673],
    [0.643013204328757, 0.227000000000000, 0.129986795671243],
    [0.645203941138862, 0.226000000000000, 0.128796058861138],
    [0.647389116783716, 0.225000000000000, 0.127610883216284],
    [0.649568688706824, 0.224000000000000, 0.126431311293176],
    [0.651742614735158, 0.223000000000000, 0.125257385264842],
    [0.653910853080151, 0.222000000000000, 0.124089146919849],
    [0.656073362338662, 0.221000000000000, 0.122926637661338],
    [0.658230101493923, 0.220000000000000, 0.121769898506077],
    [0.660381029916440, 0.219000000000000, 0.120618970083560],
    [0.662526107364880, 0.219000000000000, 0.118473892635120],
    [0.664665293986920, 0.218000000000000, 0.117334706013080],
    [0.666798550320073, 0.217000000000000, 0.116201449679927],
    [0.668925837292476, 0.216000000000000, 0.115074162707524],
    [0.671047116223665, 0.215000000000000, 0.113952883776335],
    [0.673162348825302, 0.214000000000000, 0.112837651174698],
    [0.675271497201890, 0.213000000000000, 0.111728502798110],
    [0.677374523851448, 0.212000000000000, 0.110625476148552],
    [0.679471391666166, 0.211000000000000, 0.109528608333834],
    [0.681562063933021, 0.210000000000000, 0.108437936066979],
    [0.683646504334377, 0.210000000000000, 0.106353495665623],
    [0.685724676948549, 0.209000000000000, 0.105275323051451],
    [0.687838389120723, 0.208000000000000, 0.104161610879277],
    [0.689956126893231, 0.207000000000000, 0.103043873106769],
    [0.692067330410616, 0.206000000000000, 0.101932669589384],
    [0.694171964472311, 0.205000000000000, 0.100828035527689],
    [0.696269994286176, 0.204000000000000, 0.099730005713824],
    [0.698361385468898, 0.203000000000000, 0.098638614531102],
    [0.700446104046379, 0.202000000000000, 0.097553895953621],
    [0.702524116454074, 0.201000000000000, 0.096475883545926],
    [0.704595389537326, 0.200000000000000, 0.095404610462674],
    [0.706659890551650, 0.199000000000000, 0.094340109448350],
    [0.708717587163002, 0.198000000000000, 0.093282412836998],
    [0.710768447448014, 0.197000000000000, 0.092231552551986],
    [0.712812439894210, 0.196000000000000, 0.091187560105790],
    [0.714849533400179, 0.195000000000000, 0.090150466599821],
    [0.716879697275735, 0.194000000000000, 0.089120302724265],
    [0.718902901242039, 0.193000000000000, 0.088097098757961],
    [0.720919115431702, 0.192000000000000, 0.087080884568298],
    [0.722928310388851, 0.191000000000000, 0.086071689611149],
    [0.724930457069177, 0.190000000000000, 0.085069542930823],
    [0.726925526839950, 0.189000000000000, 0.084074473160050],
    [0.728913491480008, 0.188000000000000, 0.083086508519992],
    [0.730894323179721, 0.187000000000000, 0.082105676820279],
    [0.732867994540922, 0.186000000000000, 0.081132005459078],
    [0.734834478576824, 0.185000000000000, 0.080165521423176],
    [0.736793748711895, 0.184000000000000, 0.079206251288105],
    [0.738714569247005, 0.184000000000000, 0.077285430752995],
    [0.740622019431074, 0.183000000000000, 0.076377980568926],
    [0.742522318348725, 0.182000000000000, 0.075477681651275],
    [0.744415441546121, 0.181000000000000, 0.074584558453879],
    [0.746301364971821, 0.180000000000000, 0.073698635028179],
    [0.748180064976514, 0.179000000000000, 0.072819935023486],
    [0.750051518312721, 0.178000000000000, 0.071948481687279],
    [0.751915702134480, 0.177000000000000, 0.071084297865520],
    [0.753772593996994, 0.176000000000000, 0.070227406003006],
    [0.755622171856261, 0.175000000000000, 0.069377828143739],
    [0.757464414068683, 0.175000000000000, 0.067535585931317],
    [0.759299299390641, 0.174000000000000, 0.066700700609359],
    [0.761126806978052, 0.173000000000000, 0.065873193021948],
    [0.762946916385900, 0.172000000000000, 0.065053083614100],
    [0.764759607567742, 0.171000000000000, 0.064240392432258],
    [0.766564860875190, 0.170000000000000, 0.063435139124810],
    [0.768362657057371, 0.169000000000000, 0.062637342942629],
    [0.770152977260360, 0.168000000000000, 0.061847022739640],
    [0.771935803026589, 0.167000000000000, 0.061064196973411],
    [0.773711116294238, 0.167000000000000, 0.059288883705762],
    [0.775478899396596, 0.166000000000000, 0.058521100603404],
    [0.777239135061403, 0.165000000000000, 0.057760864938597],
    [0.778991806410164, 0.164000000000000, 0.057008193589836],
    [0.780736896957447, 0.163000000000000, 0.056263103042553],
    [0.782474390610154, 0.162000000000000, 0.055525609389846],
    [0.784204271666765, 0.161000000000000, 0.054795728333235],
    [0.785926524816569, 0.160000000000000, 0.054073475183431],
    [0.787641135138866, 0.159000000000000, 0.053358864861134],
    [0.789348088102148, 0.158000000000000, 0.052651911897852],
    [0.791047369563256, 0.158000000000000, 0.050952630436744],
    [0.792738965766523, 0.157000000000000, 0.050261034233477],
    [0.794422863342883, 0.156000000000000, 0.049577136657117],
    [0.796099049308969, 0.155000000000000, 0.048900950691031],
    [0.797767511066181, 0.154000000000000, 0.048232488933819],
    [0.799428236399745, 0.153000000000000, 0.047571763600255],
    [0.801081213477729, 0.152000000000000, 0.046918786522271],
    [0.802726430850068, 0.151000000000000, 0.046273569149932],
    [0.804363877447537, 0.150000000000000, 0.045636122552463],
    [0.805993542580729, 0.150000000000000, 0.044006457419271],
    [0.807615415938996, 0.149000000000000, 0.043384584061004],
    [0.809229487589373, 0.148000000000000, 0.042770512410627],
    [0.810835747975490, 0.147000000000000, 0.042164252024510],
    [0.812434187916457, 0.146000000000000, 0.041565812083543],
    [0.814024798605722, 0.145000000000000, 0.040975201394278],
    [0.815607571609927, 0.144000000000000, 0.040392428390073],
    [0.817182498867729, 0.143000000000000, 0.039817501132272],
    [0.818749572688609, 0.143000000000000, 0.038250427311391],
    [0.820308785751662, 0.142000000000000, 0.037691214248338],
    [0.821860131104360, 0.141000000000000, 0.037139868895640],
    [0.823403602161307, 0.140000000000000, 0.036596397838693],
    [0.824939192702971, 0.139000000000000, 0.036060807297029],
    [0.826466896874392, 0.138000000000000, 0.035533103125608],
    [0.827986709183882, 0.137000000000000, 0.035013290816118],
    [0.829498624501697, 0.137000000000000, 0.033501375498303],
    [0.831002638058696, 0.136000000000000, 0.032997361941304],
    [0.832498745444983, 0.135000000000000, 0.032501254555017],
    [0.833986942608529, 0.134000000000000, 0.032013057391471],
    [0.835467225853775, 0.133000000000000, 0.031532774146225],
    [0.836939591840223, 0.132000000000000, 0.031060408159777],
    [0.838404037581005, 0.131000000000000, 0.030595962418995],
    [0.839860560441435, 0.131000000000000, 0.029139439558565],
    [0.841309158137550, 0.130000000000000, 0.028690841862450],
    [0.842749828734624, 0.129000000000000, 0.028250171265376],
    [0.844182570645681, 0.128000000000000, 0.027817429354319],
    [0.845607382629971, 0.127000000000000, 0.027392617370029],
    [0.847024263791451, 0.126000000000000, 0.026975736208549],
    [0.848433213577235, 0.125000000000000, 0.026566786422765],
    [0.849834231776036, 0.125000000000000, 0.025165768223964],
    [0.851227318516591, 0.124000000000000, 0.024772681483409],
    [0.852612474266066, 0.123000000000000, 0.024387525733934],
    [0.853989699828453, 0.122000000000000, 0.024010300171547],
    [0.855358996342948, 0.121000000000000, 0.023641003657052],
    [0.856720365282312, 0.120000000000000, 0.023279634717688],
    [0.858073808451226, 0.120000000000000, 0.021926191548774],
    [0.859419327984619, 0.119000000000000, 0.021580672015381],
    [0.860756926345993, 0.118000000000000, 0.021243073654007],
    [0.862086606325725, 0.117000000000000, 0.020913393674275],
    [0.863408371039365, 0.116000000000000, 0.020591628960635],
    [0.864722223925911, 0.116000000000000, 0.019277776074089],
    [0.866028168746071, 0.115000000000000, 0.018971831253929],
    [0.867326209580521, 0.114000000000000, 0.018673790419479],
    [0.868616350828141, 0.113000000000000, 0.018383649171859],
    [0.869898597204236, 0.112000000000000, 0.018101402795764],
    [0.871172953738758, 0.112000000000000, 0.016827046261242],
]

jolly_win_wb12 = [
    [0.364976686013920, 0.214000000000000, 0.102000000000000],
    [0.367440115509489, 0.215000000000000, 0.103000000000000],
    [0.369905398914068, 0.216000000000000, 0.104000000000000],
    [0.372372462944072, 0.216000000000000, 0.105000000000000],
    [0.374841234371494, 0.217000000000000, 0.106000000000000],
    [0.377311640028097, 0.218000000000000, 0.107000000000000],
    [0.379783606809568, 0.219000000000000, 0.108000000000000],
    [0.382257061679676, 0.219000000000000, 0.108000000000000],
    [0.384731931674398, 0.220000000000000, 0.109000000000000],
    [0.387208143906030, 0.221000000000000, 0.110000000000000],
    [0.389685625567282, 0.222000000000000, 0.111000000000000],
    [0.392164303935355, 0.222000000000000, 0.112000000000000],
    [0.394644106375994, 0.223000000000000, 0.113000000000000],
    [0.397124960347529, 0.224000000000000, 0.114000000000000],
    [0.399606793404891, 0.224000000000000, 0.115000000000000],
    [0.402089533203609, 0.225000000000000, 0.116000000000000],
    [0.404573107503792, 0.226000000000000, 0.116000000000000],
    [0.407057444174089, 0.226000000000000, 0.117000000000000],
    [0.409542471195622, 0.227000000000000, 0.118000000000000],
    [0.412028116665910, 0.228000000000000, 0.119000000000000],
    [0.414514308802764, 0.228000000000000, 0.120000000000000],
    [0.417000975948166, 0.229000000000000, 0.121000000000000],
    [0.419488046572123, 0.230000000000000, 0.122000000000000],
    [0.421975449276503, 0.230000000000000, 0.123000000000000],
    [0.424463112798850, 0.231000000000000, 0.124000000000000],
    [0.426950966016169, 0.232000000000000, 0.124000000000000],
    [0.429438937948708, 0.232000000000000, 0.125000000000000],
    [0.431926957763692, 0.233000000000000, 0.126000000000000],
    [0.434414954779059, 0.233000000000000, 0.127000000000000],
    [0.436902858467158, 0.234000000000000, 0.128000000000000],
    [0.439390598458434, 0.234000000000000, 0.129000000000000],
    [0.441878104545081, 0.235000000000000, 0.130000000000000],
    [0.444365306684679, 0.236000000000000, 0.131000000000000],
    [0.446852135003807, 0.236000000000000, 0.131000000000000],
    [0.449338519801629, 0.237000000000000, 0.132000000000000],
    [0.451824391553461, 0.237000000000000, 0.133000000000000],
    [0.454309680914311, 0.238000000000000, 0.134000000000000],
    [0.456794318722397, 0.238000000000000, 0.135000000000000],
    [0.459278236002637, 0.239000000000000, 0.136000000000000],
    [0.461761363970124, 0.239000000000000, 0.137000000000000],
    [0.464243634033568, 0.240000000000000, 0.138000000000000],
    [0.466724977798711, 0.240000000000000, 0.138000000000000],
    [0.469205327071732, 0.241000000000000, 0.139000000000000],
    [0.471684613862609, 0.241000000000000, 0.140000000000000],
    [0.474162770388471, 0.242000000000000, 0.141000000000000],
    [0.476639729076913, 0.242000000000000, 0.142000000000000],
    [0.479115422569295, 0.243000000000000, 0.143000000000000],
    [0.481589783724008, 0.243000000000000, 0.144000000000000],
    [0.484062745619724, 0.244000000000000, 0.145000000000000],
    [0.486534241558608, 0.244000000000000, 0.145000000000000],
    [0.489004205069511, 0.245000000000000, 0.146000000000000],
    [0.491472569911142, 0.245000000000000, 0.147000000000000],
    [0.493939270075201, 0.245000000000000, 0.148000000000000],
    [0.496404239789497, 0.246000000000000, 0.149000000000000],
    [0.498867413521034, 0.246000000000000, 0.150000000000000],
    [0.501328725979073, 0.247000000000000, 0.150000000000000],
    [0.503788112118164, 0.247000000000000, 0.151000000000000],
    [0.506245507141158, 0.247000000000000, 0.152000000000000],
    [0.508700846502180, 0.248000000000000, 0.153000000000000],
    [0.511154065909589, 0.248000000000000, 0.154000000000000],
    [0.513605101328903, 0.248000000000000, 0.155000000000000],
    [0.516053888985691, 0.249000000000000, 0.155000000000000],
    [0.518500365368457, 0.249000000000000, 0.156000000000000],
    [0.520944467231474, 0.250000000000000, 0.157000000000000],
    [0.523386131597603, 0.250000000000000, 0.158000000000000],
    [0.525825295761086, 0.250000000000000, 0.159000000000000],
    [0.528261897290300, 0.250000000000000, 0.160000000000000],
    [0.530695874030495, 0.251000000000000, 0.160000000000000],
    [0.533127164106499, 0.251000000000000, 0.161000000000000],
    [0.535555705925392, 0.251000000000000, 0.162000000000000],
    [0.537981438179156, 0.252000000000000, 0.163000000000000],
    [0.540404299847299, 0.252000000000000, 0.164000000000000],
    [0.542824230199441, 0.252000000000000, 0.164000000000000],
    [0.545241168797883, 0.252000000000000, 0.165000000000000],
    [0.547655055500141, 0.253000000000000, 0.166000000000000],
    [0.550065830461450, 0.253000000000000, 0.167000000000000],
    [0.552473434137246, 0.253000000000000, 0.168000000000000],
    [0.554877807285612, 0.253000000000000, 0.168000000000000],
    [0.557278890969701, 0.254000000000000, 0.169000000000000],
    [0.559676626560126, 0.254000000000000, 0.170000000000000],
    [0.562070955737325, 0.254000000000000, 0.171000000000000],
    [0.564461820493890, 0.254000000000000, 0.171000000000000],
    [0.566849163136876, 0.254000000000000, 0.172000000000000],
    [0.569232926290077, 0.255000000000000, 0.173000000000000],
    [0.571613052896267, 0.255000000000000, 0.174000000000000],
    [0.573989486219421, 0.255000000000000, 0.175000000000000],
    [0.576362169846907, 0.255000000000000, 0.175000000000000],
    [0.578731047691635, 0.255000000000000, 0.176000000000000],
    [0.581096063994192, 0.255000000000000, 0.177000000000000],
    [0.583457163324943, 0.256000000000000, 0.178000000000000],
    [0.585814290586097, 0.256000000000000, 0.178000000000000],
    [0.588167391013752, 0.256000000000000, 0.179000000000000],
    [0.590516410179902, 0.256000000000000, 0.180000000000000],
    [0.592861293994422, 0.256000000000000, 0.180000000000000],
    [0.595201988707019, 0.256000000000000, 0.181000000000000],
    [0.597538440909156, 0.256000000000000, 0.182000000000000],
    [0.599870597535942, 0.256000000000000, 0.183000000000000],
    [0.602198405867997, 0.256000000000000, 0.183000000000000],
    [0.604521813533286, 0.256000000000000, 0.184000000000000],
    [0.606840768508921, 0.257000000000000, 0.185000000000000],
    [0.609155219122938, 0.257000000000000, 0.185000000000000],
    [0.611465114056037, 0.257000000000000, 0.186000000000000],
    [0.613770402343301, 0.257000000000000, 0.187000000000000],
    [0.616071033375879, 0.257000000000000, 0.187000000000000],
    [0.618366956902640, 0.257000000000000, 0.188000000000000],
    [0.620658123031800, 0.257000000000000, 0.189000000000000],
    [0.622944482232517, 0.257000000000000, 0.190000000000000],
    [0.625225985336456, 0.257000000000000, 0.190000000000000],
    [0.627502583539327, 0.257000000000000, 0.191000000000000],
    [0.629774228402390, 0.257000000000000, 0.191000000000000],
    [0.632040871853928, 0.257000000000000, 0.192000000000000],
    [0.634302466190700, 0.257000000000000, 0.193000000000000],
    [0.636558964079354, 0.257000000000000, 0.193000000000000],
    [0.638810318557817, 0.257000000000000, 0.194000000000000],
    [0.641056483036647, 0.257000000000000, 0.195000000000000],
    [0.643297411300367, 0.257000000000000, 0.195000000000000],
    [0.645533057508760, 0.256000000000000, 0.196000000000000],
    [0.647763376198137, 0.256000000000000, 0.197000000000000],
    [0.649988322282580, 0.256000000000000, 0.197000000000000],
    [0.652207851055143, 0.256000000000000, 0.198000000000000],
    [0.654421918189042, 0.256000000000000, 0.198000000000000],
    [0.656630479738796, 0.256000000000000, 0.199000000000000],
    [0.658833492141351, 0.256000000000000, 0.200000000000000],
    [0.661030912217175, 0.256000000000000, 0.200000000000000],
    [0.663222697171315, 0.256000000000000, 0.201000000000000],
    [0.665408804594428, 0.256000000000000, 0.201000000000000],
    [0.667589192463787, 0.255000000000000, 0.202000000000000],
    [0.669763819144257, 0.255000000000000, 0.203000000000000],
    [0.671932643389232, 0.255000000000000, 0.203000000000000],
    [0.674095624341556, 0.255000000000000, 0.204000000000000],
    [0.676252721534408, 0.255000000000000, 0.204000000000000],
    [0.678403894892155, 0.255000000000000, 0.205000000000000],
    [0.680549104731185, 0.254000000000000, 0.205000000000000],
    [0.682688311760701, 0.254000000000000, 0.206000000000000],
    [0.684821477083497, 0.254000000000000, 0.206000000000000],
    [0.686948562196688, 0.254000000000000, 0.207000000000000],
    [0.689069528992435, 0.254000000000000, 0.207000000000000],
    [0.691184339758616, 0.253000000000000, 0.208000000000000],
    [0.693292957179492, 0.253000000000000, 0.208000000000000],
    [0.695395344336321, 0.253000000000000, 0.209000000000000],
    [0.697491464707967, 0.253000000000000, 0.210000000000000],
    [0.699581282171458, 0.253000000000000, 0.210000000000000],
    [0.701664761002533, 0.252000000000000, 0.210000000000000],
    [0.703741865876154, 0.252000000000000, 0.211000000000000],
    [0.705812561866986, 0.252000000000000, 0.211000000000000],
    [0.707876814449853, 0.252000000000000, 0.212000000000000],
    [0.709934589500169, 0.251000000000000, 0.212000000000000],
    [0.711985853294333, 0.251000000000000, 0.213000000000000],
    [0.714030572510104, 0.251000000000000, 0.213000000000000],
    [0.716068714226940, 0.250000000000000, 0.214000000000000],
    [0.718100245926319, 0.250000000000000, 0.214000000000000],
    [0.720125135492022, 0.250000000000000, 0.215000000000000],
    [0.722143351210396, 0.250000000000000, 0.215000000000000],
    [0.724154861770587, 0.249000000000000, 0.216000000000000],
    [0.726159636264744, 0.249000000000000, 0.216000000000000],
    [0.728157644188197, 0.249000000000000, 0.216000000000000],
    [0.730148855439613, 0.248000000000000, 0.217000000000000],
    [0.732133240321109, 0.248000000000000, 0.217000000000000],
    [0.734110769538360, 0.248000000000000, 0.218000000000000],
    [0.736081414200662, 0.247000000000000, 0.218000000000000],
    [0.738045145820977, 0.247000000000000, 0.218000000000000],
    [0.740001936315948, 0.246000000000000, 0.219000000000000],
    [0.741951758005892, 0.246000000000000, 0.219000000000000],
    [0.743894583614759, 0.246000000000000, 0.220000000000000],
    [0.745830386270072, 0.245000000000000, 0.220000000000000],
    [0.747759139502835, 0.245000000000000, 0.220000000000000],
    [0.749680817247419, 0.245000000000000, 0.221000000000000],
    [0.751595393841419, 0.244000000000000, 0.221000000000000],
    [0.753502844025487, 0.244000000000000, 0.221000000000000],
    [0.755403142943139, 0.243000000000000, 0.222000000000000],
    [0.757296266140535, 0.243000000000000, 0.222000000000000],
    [0.759182189566235, 0.242000000000000, 0.222000000000000],
    [0.761060889570927, 0.242000000000000, 0.223000000000000],
    [0.762932342907135, 0.242000000000000, 0.223000000000000],
    [0.764796526728894, 0.241000000000000, 0.223000000000000],
    [0.766653418591407, 0.241000000000000, 0.223000000000000],
    [0.768502996450674, 0.240000000000000, 0.224000000000000],
    [0.770345238663096, 0.240000000000000, 0.224000000000000],
    [0.772180123985054, 0.239000000000000, 0.224000000000000],
    [0.774007631572466, 0.239000000000000, 0.225000000000000],
    [0.775827740980314, 0.238000000000000, 0.225000000000000],
    [0.777640432162155, 0.238000000000000, 0.225000000000000],
    [0.779445685469604, 0.237000000000000, 0.225000000000000],
    [0.781243481651785, 0.237000000000000, 0.226000000000000],
    [0.783033801854774, 0.236000000000000, 0.226000000000000],
    [0.784816627621002, 0.236000000000000, 0.226000000000000],
    [0.786591940888651, 0.235000000000000, 0.226000000000000],
    [0.788359723991010, 0.235000000000000, 0.227000000000000],
    [0.790119959655816, 0.234000000000000, 0.227000000000000],
    [0.791872631004577, 0.234000000000000, 0.227000000000000],
    [0.793617721551861, 0.233000000000000, 0.227000000000000],
    [0.795355215204568, 0.233000000000000, 0.227000000000000],
    [0.797085096261178, 0.232000000000000, 0.228000000000000],
    [0.798807349410983, 0.232000000000000, 0.228000000000000],
    [0.800521959733280, 0.231000000000000, 0.228000000000000],
    [0.802228912696562, 0.231000000000000, 0.228000000000000],
    [0.803928194157669, 0.230000000000000, 0.228000000000000],
    [0.805619790360936, 0.229000000000000, 0.228000000000000],
    [0.807303687937297, 0.229000000000000, 0.229000000000000],
    [0.808979873903382, 0.228000000000000, 0.229000000000000],
    [0.810648335660595, 0.228000000000000, 0.229000000000000],
    [0.812309060994158, 0.227000000000000, 0.229000000000000],
    [0.813962038072143, 0.227000000000000, 0.229000000000000],
    [0.815607255444481, 0.226000000000000, 0.229000000000000],
    [0.817244702041951, 0.225000000000000, 0.229000000000000],
    [0.818874367175143, 0.225000000000000, 0.230000000000000],
    [0.820496240533409, 0.224000000000000, 0.230000000000000],
    [0.822110312183786, 0.224000000000000, 0.230000000000000],
    [0.823716572569904, 0.223000000000000, 0.230000000000000],
    [0.825315012510870, 0.222000000000000, 0.230000000000000],
    [0.826905623200135, 0.222000000000000, 0.230000000000000],
    [0.828488396204340, 0.221000000000000, 0.230000000000000],
    [0.830063323462142, 0.221000000000000, 0.230000000000000],
    [0.831630397283023, 0.220000000000000, 0.230000000000000],
    [0.833189610346076, 0.219000000000000, 0.230000000000000],
    [0.834740955698773, 0.219000000000000, 0.230000000000000],
    [0.836284426755721, 0.218000000000000, 0.230000000000000],
    [0.837820017297385, 0.217000000000000, 0.230000000000000],
    [0.839347721468805, 0.217000000000000, 0.230000000000000],
    [0.840867533778296, 0.216000000000000, 0.230000000000000],
    [0.842379449096111, 0.215000000000000, 0.230000000000000],
    [0.843883462653110, 0.215000000000000, 0.230000000000000],
    [0.845379570039397, 0.214000000000000, 0.230000000000000],
    [0.846867767202942, 0.213000000000000, 0.230000000000000],
    [0.848348050448189, 0.213000000000000, 0.230000000000000],
    [0.849820416434637, 0.212000000000000, 0.230000000000000],
    [0.851284862175419, 0.211000000000000, 0.230000000000000],
    [0.852741385035849, 0.211000000000000, 0.230000000000000],
    [0.854189982731963, 0.210000000000000, 0.230000000000000],
    [0.855630653329038, 0.209000000000000, 0.230000000000000],
    [0.857063395240094, 0.209000000000000, 0.230000000000000],
    [0.858488207224384, 0.208000000000000, 0.230000000000000],
    [0.859905088385864, 0.207000000000000, 0.230000000000000],
    [0.861314038171648, 0.206000000000000, 0.230000000000000],
    [0.862715056370450, 0.206000000000000, 0.230000000000000],
    [0.864108143111005, 0.205000000000000, 0.230000000000000],
    [0.865493298860480, 0.204000000000000, 0.230000000000000],
    [0.866870524422867, 0.204000000000000, 0.230000000000000],
    [0.868239820937361, 0.203000000000000, 0.230000000000000],
    [0.869601189876726, 0.202000000000000, 0.230000000000000],
    [0.870954633045640, 0.201000000000000, 0.230000000000000],
    [0.872300152579032, 0.201000000000000, 0.229000000000000],
    [0.873637750940406, 0.200000000000000, 0.229000000000000],
    [0.874967430920139, 0.199000000000000, 0.229000000000000],
    [0.876289195633778, 0.198000000000000, 0.229000000000000],
    [0.877603048520324, 0.198000000000000, 0.229000000000000],
    [0.878908993340484, 0.197000000000000, 0.229000000000000],
    [0.880207034174935, 0.196000000000000, 0.229000000000000],
    [0.881497175422554, 0.195000000000000, 0.228000000000000],
    [0.882779421798650, 0.195000000000000, 0.228000000000000],
    [0.884053778333172, 0.194000000000000, 0.228000000000000],
    [0.885320250368909, 0.193000000000000, 0.228000000000000],
    [0.886578843559683, 0.192000000000000, 0.228000000000000],
    [0.887829563868515, 0.192000000000000, 0.228000000000000],
    [0.889072417565798, 0.191000000000000, 0.227000000000000],
    [0.890307411227441, 0.190000000000000, 0.227000000000000],
    [0.891534551733013, 0.189000000000000, 0.227000000000000],
    [0.892753846263868, 0.189000000000000, 0.227000000000000],
    [0.893965302301263, 0.188000000000000, 0.227000000000000],
    [0.895168927624464, 0.187000000000000, 0.226000000000000],
    [0.896364730308842, 0.186000000000000, 0.226000000000000],
]

non_poisson_adjustment = [
    [0.00000000000000000, -0.00210276728729308, -0.02525778211415460],
    [0.05000000000000000, -0.00210276728729308, -0.02525778211415460],
    [0.10000000000000000, -0.00210276728729308, -0.02525778211415460],
    [0.15000000000000000, -0.00124718194463913, -0.02582052762503380],
    [0.20000000000000000,  0.00064453231228256, -0.02616320296973870],
    [0.25000000000000000,  0.00179062421958266, -0.02600504561613500],
    [0.30000000000000000,  0.00324380118602943, -0.02583438983634430],
    [0.35000000000000000,  0.00515574226172584, -0.02570876454150460],
    [0.40000000000000000,  0.00668526514111671, -0.02540641609849140],
    [0.45000000000000000,  0.00825437861665606, -0.02516900628929930],
    [0.50000000000000000,  0.00987109831516623, -0.02469920165632890],
    [0.55000000000000000,  0.01127086336767730, -0.02425274663001440],
    [0.60000000000000000,  0.01263532263928750, -0.02374887973390150],
    [0.65000000000000000,  0.01358032915094130, -0.02284063909680050],
    [0.70000000000000000,  0.01385893839607120, -0.02176083961338260],
    [0.75000000000000000,  0.01288082459441340, -0.01964361919529710],
    [0.80000000000000000,  0.01288082459441340, -0.01964361919529710],
    [0.85000000000000000,  0.01288082459441340, -0.01964361919529710],
    [0.90000000000000000,  0.01288082459441340, -0.01964361919529710],
    [0.95000000000000000,  0.01288082459441340, -0.01964361919529710],
    [1.00000000000000000,  0.01288082459441340, -0.01964361919529710],
]
